0.0 0.0 0.0 0.0 0.0
0.0 0.0 0.0 0.0 0.0
0.0 0.0 0.0 0.0 0.0
0.0 0.0 0.0 0.0 0.0
0.0 0.0 0.0 0.0 0.0
0.0 0.0 0.0 0.0 0.0
0.0 0.0 0.0 0.0 0.0
0.0 0.0 0.0 0.0 0.0
0.0 0.0 0.0 0.0 0.0
0.0 0.0 0.0 0.0 0.0
0.0 0.0 0.0 0.0 0.0
0.0 0.0 0.0 0.0 0.0
0.0 0.0 0.0 0.0 0.0
0.0 0.0 0.0 0.0 0.0
0.0 0.0 0.0 0.0 0.0
0.0 0.0 0.0 0.0 0.0
0.0 0.0 0.0 0.0 0.0
0.0 0.0 0.0 0.0 0.0
0.0 0.0 0.0 0.0 0.0
0.0 0.0 0.0 0.0 0.0
0.0 0.0 0.0 0.0 0.0
0.0 0.0 0.0 0.0 0.0
0.0 0.0 0.0 0.0 0.0
0.0 0.0 0.0 0.0 0.0
0.0 0.0 0.0 0.0 0.0
0.0 0.0 0.0 0.0 0.0
0.0 0.0 0.0 0.0 0.0
0.0 0.0 0.0 0.0 0.0
0.0 0.0 0.0 0.0 0.0
0.0 0.0 0.0 0.0 0.0
0.0 0.0 0.0 0.0 0.0
0.0 0.0 0.0 0.0 0.0
0.0 0.0 0.0 0.0 0.0
0.0 0.0 0.0 0.0 0.0
0.0 0.0 0.0 0.0 0.0
0.0 0.0 0.0 0.0 0.0
0.0 0.0 0.0 0.0 0.0
0.0 0.0 0.0 0.0 0.0
0.0 0.0 0.0 0.0 0.0
0.0 0.0 0.0 0.0 0.0
0.0 0.0 0.0 0.0 0.0
0.0 0.0 0.0 0.0 0.0
0.0 0.0 0.0 0.0 0.0
0.0 0.0 0.0 0.0 0.0
0.0 0.0 0.0 0.0 0.0
0.0 0.0 0.0 0.0 0.0
0.0 0.0 0.0 0.0 0.0
0.0 0.0 0.0 0.0 0.0
0.0 0.0 0.0 0.0 0.0
0.0 0.0 0.0 0.0 0.0
0.0 0.0 0.0 0.0 0.0
0.0 0.0 0.0 0.0 0.0
0.0 0.0 0.0 0.0 0.0
0.0 0.0 0.0 0.0 0.0
0.0 0.0 0.0 0.0 0.0
0.0 0.0 0.0 0.0 0.0
0.0 0.0 0.0 0.0 0.0
0.0 0.0 0.0 0.0 0.0
0.0 0.0 0.0 0.0 0.0
0.0 0.0 0.0 0.0 0.0
0.0 0.0 0.0 0.0 0.0
0.1 0.0 0.0 0.1 0.1
0.2 0.0 0.0 0.30000000000000004 0.30000000000000004
0.2 0.0 0.0 0.5 0.5
0.2 0.0 0.0 0.7 0.7
0.30000000000000004 0.0 0.0 1.0 1.0
0.30000000000000004 0.0 0.0 1.3 1.3
0.30000000000000004 0.0 0.0 1.6 1.6
0.30000000000000004 0.0 0.0 1.9000000000000001 1.9000000000000001
0.30000000000000004 0.0 0.0 2.2 2.2
0.30000000000000004 0.0 0.0 2.5 2.5
0.30000000000000004 0.0 0.0 2.8 2.8
0.30000000000000004 0.0 0.0 3.0999999999999996 3.0999999999999996
0.30000000000000004 0.0 0.0 3.3999999999999995 3.3999999999999995
0.30000000000000004 0.0 0.0 3.6999999999999993 3.6999999999999993
0.30000000000000004 0.0 0.0 3.999999999999999 3.999999999999999
0.30000000000000004 0.0 0.0 4.299999999999999 4.299999999999999
0.30000000000000004 0.0 0.0 4.599999999999999 4.599999999999999
0.30000000000000004 0.0 0.0 4.899999999999999 4.899999999999999
0.30000000000000004 0.0 0.0 5.199999999999998 5.199999999999998
0.30000000000000004 0.0 0.0 5.499999999999998 5.499999999999998
0.30000000000000004 0.0 0.0 5.799999999999998 5.799999999999998
0.30000000000000004 0.0 0.0 6.099999999999998 6.099999999999998
0.30000000000000004 0.0 0.0 6.399999999999998 6.399999999999998
0.30000000000000004 0.0 0.0 6.6999999999999975 6.6999999999999975
0.30000000000000004 0.0 0.0 6.999999999999997 6.999999999999997
0.30000000000000004 0.0 0.0 7.299999999999997 7.299999999999997
0.30000000000000004 0.0 0.0 7.599999999999997 7.599999999999997
0.30000000000000004 0.0 0.0 7.899999999999997 7.899999999999997
0.30000000000000004 0.0 0.0 8.199999999999998 8.199999999999998
0.30000000000000004 0.0 0.0 8.499999999999998 8.499999999999998
0.30000000000000004 0.0 0.0 8.799999999999999 8.799999999999999
0.30000000000000004 0.0 0.0 9.1 9.1
0.30000000000000004 0.0 0.0 9.4 9.4
0.30000000000000004 0.0 0.0 9.700000000000001 9.700000000000001
0.30000000000000004 0.0 0.0 10.000000000000002 10.000000000000002
0.30000000000000004 0.0 0.0 10.300000000000002 10.300000000000002
0.30000000000000004 0.0 0.0 10.600000000000003 10.600000000000003
0.30000000000000004 0.0 0.0 10.900000000000004 10.900000000000004
0.30000000000000004 0.0 0.0 11.200000000000005 11.200000000000005
0.30000000000000004 0.0 0.0 11.500000000000005 11.500000000000005
0.30000000000000004 0.0 0.0 11.800000000000006 11.800000000000006
0.4 0.0 0.0 12.200000000000006 12.200000000000006
0.4 0.0 0.0 12.600000000000007 12.600000000000007
0.30000000000000004 0.0 0.0 12.900000000000007 12.900000000000007
0.30000000000000004 0.0 0.0 13.200000000000008 13.200000000000008
0.30000000000000004 0.0 0.0 13.500000000000009 13.500000000000009
0.30000000000000004 0.0 0.0 13.80000000000001 13.80000000000001
0.30000000000000004 0.0 0.0 14.10000000000001 14.10000000000001
0.30000000000000004 0.0 0.0 14.400000000000011 14.400000000000011
0.30000000000000004 0.0 0.0 14.700000000000012 14.700000000000012
0.30000000000000004 0.0 0.0 15.000000000000012 15.000000000000012
0.30000000000000004 0.0 0.0 15.300000000000013 15.300000000000013
0.30000000000000004 0.0 0.0 15.600000000000014 15.600000000000014
0.4 0.0 0.0 16.000000000000014 16.000000000000014
0.30000000000000004 0.0 0.0 16.300000000000015 16.300000000000015
0.30000000000000004 0.0 0.0 16.600000000000016 16.600000000000016
0.30000000000000004 0.0 0.0 16.900000000000016 16.900000000000016
0.30000000000000004 0.0 0.0 17.200000000000017 17.200000000000017
0.30000000000000004 0.0 0.0 17.500000000000018 17.500000000000018
0.30000000000000004 0.0 0.0 17.80000000000002 17.80000000000002
0.30000000000000004 0.0 0.0 18.10000000000002 18.10000000000002
0.30000000000000004 0.0 0.0 18.40000000000002 18.40000000000002
0.30000000000000004 0.0 0.0 18.70000000000002 18.70000000000002
0.30000000000000004 0.0 0.0 19.00000000000002 19.00000000000002
0.30000000000000004 0.0 0.0 19.300000000000022 19.300000000000022
0.30000000000000004 0.0 0.0 19.600000000000023 19.600000000000023
0.30000000000000004 0.0 0.0 19.900000000000023 19.900000000000023
0.30000000000000004 0.0 0.0 20.200000000000024 20.200000000000024
0.30000000000000004 0.0 0.0 20.500000000000025 20.500000000000025
0.30000000000000004 0.0 0.0 20.800000000000026 20.800000000000026
0.30000000000000004 0.0 0.0 21.100000000000026 21.100000000000026
0.30000000000000004 0.0 0.0 21.400000000000027 21.400000000000027
0.30000000000000004 0.0 0.0 21.700000000000028 21.700000000000028
0.30000000000000004 0.0 0.0 22.00000000000003 22.00000000000003
0.30000000000000004 0.0 0.0 22.30000000000003 22.30000000000003
0.30000000000000004 0.0 0.0 22.60000000000003 22.60000000000003
0.30000000000000004 0.0 0.0 22.90000000000003 22.90000000000003
0.30000000000000004 0.0 0.0 23.20000000000003 23.20000000000003
0.30000000000000004 0.0 0.0 23.500000000000032 23.500000000000032
0.30000000000000004 0.0 0.0 23.800000000000033 23.800000000000033
0.30000000000000004 0.0 0.0 24.100000000000033 24.100000000000033
0.30000000000000004 0.0 0.0 24.400000000000034 24.400000000000034
0.30000000000000004 0.0 0.0 24.700000000000035 24.700000000000035
0.30000000000000004 0.0 0.0 25.000000000000036 25.000000000000036
0.30000000000000004 0.0 0.0 25.300000000000036 25.300000000000036
0.30000000000000004 0.0 0.0 25.600000000000037 25.600000000000037
0.30000000000000004 0.0 0.0 25.900000000000038 25.900000000000038
0.30000000000000004 0.0 0.0 26.20000000000004 26.20000000000004
0.30000000000000004 0.0 0.0 26.50000000000004 26.50000000000004
0.30000000000000004 0.0 0.0 26.80000000000004 26.80000000000004
0.30000000000000004 0.0 0.0 27.10000000000004 27.10000000000004
0.30000000000000004 0.0 0.0 27.40000000000004 27.40000000000004
0.30000000000000004 0.0 0.0 27.700000000000042 27.700000000000042
0.30000000000000004 0.0 0.0 28.000000000000043 28.000000000000043
0.30000000000000004 0.0 0.0 28.300000000000043 28.300000000000043
0.30000000000000004 0.0 0.0 28.600000000000044 28.600000000000044
0.30000000000000004 0.0 0.0 28.900000000000045 28.900000000000045
0.30000000000000004 0.0 0.0 29.200000000000045 29.200000000000045
0.30000000000000004 0.0 0.0 29.500000000000046 29.500000000000046
0.30000000000000004 0.0 0.0 29.800000000000047 29.800000000000047
0.30000000000000004 0.0 0.0 30.100000000000048 30.100000000000048
0.30000000000000004 0.0 0.0 30.40000000000005 30.40000000000005
0.30000000000000004 0.0 0.0 30.70000000000005 30.70000000000005
0.30000000000000004 0.0 0.0 31.00000000000005 31.00000000000005
0.30000000000000004 0.0 0.0 31.30000000000005 31.30000000000005
0.2 0.0 0.0 31.50000000000005 31.50000000000005
0.2 0.0 0.0 31.70000000000005 31.70000000000005
0.2 0.0 0.0 31.90000000000005 31.90000000000005
0.2 0.0 0.0 32.10000000000005 32.10000000000005
0.1 0.0 0.0 32.20000000000005 32.20000000000005
0.1 0.0 0.0 32.300000000000054 32.300000000000054
0.0 0.0 0.0 32.300000000000054 32.300000000000054
0.0 0.0 0.0 32.300000000000054 32.300000000000054
0.0 0.0 0.0 32.300000000000054 32.300000000000054
0.0 0.0 0.0 32.300000000000054 32.300000000000054
0.0 0.0 0.0 32.300000000000054 32.300000000000054
0.0 0.0 0.0 32.300000000000054 32.300000000000054
0.0 0.0 0.0 32.300000000000054 32.300000000000054
0.0 0.0 0.0 32.300000000000054 32.300000000000054
0.0 0.0 0.0 32.300000000000054 32.300000000000054
0.0 0.0 0.0 32.300000000000054 32.300000000000054
0.0 0.0 0.0 32.300000000000054 32.300000000000054
0.0 0.0 0.0 32.300000000000054 32.300000000000054
0.0 0.0 0.0 32.300000000000054 32.300000000000054
0.0 0.0 0.0 32.300000000000054 32.300000000000054
0.0 0.0 0.0 32.300000000000054 32.300000000000054
0.0 0.0 0.0 32.300000000000054 32.300000000000054
0.0 0.0 0.0 32.300000000000054 32.300000000000054
0.0 0.0 0.0 32.300000000000054 32.300000000000054
0.0 0.0 0.0 32.300000000000054 32.300000000000054
0.0 0.0 0.0 32.300000000000054 32.300000000000054
0.0 0.0 0.0 32.300000000000054 32.300000000000054
0.0 0.0 0.0 32.300000000000054 32.300000000000054
0.0 0.0 0.0 32.300000000000054 32.300000000000054
0.0 0.0 0.0 32.300000000000054 32.300000000000054
0.0 0.0 0.0 32.300000000000054 32.300000000000054
0.0 0.0 0.0 32.300000000000054 32.300000000000054
0.0 0.0 0.0 32.300000000000054 32.300000000000054
0.0 0.0 0.0 32.300000000000054 32.300000000000054
0.0 0.0 0.0 32.300000000000054 32.300000000000054
0.0 0.0 0.0 32.300000000000054 32.300000000000054
0.0 0.0 0.0 32.300000000000054 32.300000000000054
0.0 0.0 0.0 32.300000000000054 32.300000000000054
0.0 0.0 0.0 32.300000000000054 32.300000000000054
0.0 0.0 0.0 32.300000000000054 32.300000000000054
0.0 0.0 0.0 32.300000000000054 32.300000000000054
0.0 0.0 0.0 32.300000000000054 32.300000000000054
0.0 0.0 0.0 32.300000000000054 32.300000000000054
0.0 0.0 0.0 32.300000000000054 32.300000000000054
0.0 0.0 0.0 32.300000000000054 32.300000000000054
0.0 0.0 0.0 32.300000000000054 32.300000000000054
0.0 0.0 0.0 32.300000000000054 32.300000000000054
0.0 0.0 0.0 32.300000000000054 32.300000000000054
0.0 0.0 0.0 32.300000000000054 32.300000000000054
0.0 0.0 0.0 32.300000000000054 32.300000000000054
0.0 0.0 0.0 32.300000000000054 32.300000000000054
0.0 0.0 0.0 32.300000000000054 32.300000000000054
0.0 0.0 0.0 32.300000000000054 32.300000000000054
0.0 0.0 0.0 32.300000000000054 32.300000000000054
0.0 0.0 0.0 32.300000000000054 32.300000000000054
0.0 0.0 0.0 32.300000000000054 32.300000000000054
0.0 0.0 0.0 32.300000000000054 32.300000000000054
0.0 0.0 0.0 32.300000000000054 32.300000000000054
0.0 0.0 0.0 32.300000000000054 32.300000000000054
0.0 0.0 0.0 32.300000000000054 32.300000000000054
0.0 0.0 0.0 32.300000000000054 32.300000000000054
0.0 0.0 0.0 32.300000000000054 32.300000000000054
0.0 0.0 0.0 32.300000000000054 32.300000000000054
0.0 0.0 0.0 32.300000000000054 32.300000000000054
0.0 0.0 0.0 32.300000000000054 32.300000000000054
0.0 0.0 0.0 32.300000000000054 32.300000000000054
0.0 0.0 0.0 32.300000000000054 32.300000000000054
